
13301153934

485649198	1295289606
485649198	1295289606
485594847	1295297411
485594847	1295297411
485594847	1295297411
485594847	1295297411
485589935	1295332432
485589935	1295332432
485541562	1295325717
485541562	1295325717
485545546	1295328173
485545546	1295328173

13301157408

485592321	1295199005
485592321	1295199005
485733899	1295195826
485733899	1295195826
485795606	1295301208
485795606	1295301208
485828962	1295398096
485828962	1295398096
485830921	1295488775
485830921	1295488775

13301174939

485176219	1296381068
485176219	1296381068
485191303	1296448752
485191303	1296448752
485197132	1296554809
485197132	1296554809
485199352	1296556528
485199352	1296556528
485224829	1296557041
485224829	1296557041
485224829	1296557041
485224829	1296557041

13301204818

484854392	1295887123
484854392	1295887123
484886328	1295919973
484886328	1295919973
484855503	1295921579
484855503	1295921579
484844455	1295922154
484844455	1295922154
484759652	1295925445
484759652	1295925445
484676833	1295928402
484676833	1295928402

13301204821

485226885	1295163087
485226885	1295163087
485225853	1295254922
485225853	1295254922
485226112	1295281996
485226112	1295281996
485226112	1295281996
485226112	1295281996
485225624	1295338314
485225624	1295338314

13301204822

485796649	1294557139
485796649	1294557139
485768473	1294616058
485768473	1294616058
485752494	1294650945
485752494	1294650945
485680157	1294630401
485680157	1294630401
485647405	1294618314
485647405	1294618314

13301204823

486283171	1295882828
486283171	1295882828
486240347	1295885391
486240347	1295885391
486192422	1295887947
486192422	1295887947
486122847	1295889449
486122847	1295889449
486128262	1295978934
486128262	1295978934
486129792	1296029156
486129792	1296029156

13301204827

484646360	1294233796
484646360	1294233796
484646360	1294233796
484646360	1294233796
484646360	1294233796
484646360	1294233796
484646360	1294233796
484646360	1294233796
484686299	1294272302
484686299	1294272302

13301204831

485226364	1294959871
485226364	1294959871
485162515	1294959918
485162515	1294959918
485162515	1294959918
485162515	1294959918
485162515	1294959918
485162515	1294959918
485162063	1294934358
485162063	1294934358

13301204836

485471082	1297053689
485471082	1297053689
485461087	1297001583
485461087	1297001583
485459750	1296855301
485459750	1296855301
485459750	1296855301
485459750	1296855301
485459750	1296855301
485459750	1296855301

13301204841

486333045	1295959074
486333045	1295959074
486277247	1295960411
486277247	1295960411
486217179	1295963062
486217179	1295963062
486176349	1295964232
486176349	1295964232
486176349	1295964232
486176349	1295964232
486176349	1295964232
486176349	1295964232

13301204845

485819975	1295620092
485819975	1295620092
485835585	1295638884
485835585	1295638884
485868862	1295639604
485868862	1295639604
485950409	1295634714
485950409	1295634714
485989428	1295635175
485989428	1295635175

13301204849

485296274	1295320582
485296274	1295320582
485290684	1295370864
485290684	1295370864
485269159	1295399534
485269159	1295399534
485251965	1295400088
485251965	1295400088
485179820	1295399334
485179820	1295399334

13301204879

486006808	1296242316
486006808	1296242316
485969972	1296287682
485969972	1296287682
485928621	1296332818
485928621	1296332818
485873359	1296373978
485873359	1296373978
485859191	1296374254
485859191	1296374254
485859191	1296374254
485859191	1296374254

13301204945

485231548	1294285874
485231548	1294285874
485175085	1294285530
485175085	1294285530
485175085	1294285530
485175085	1294285530
485175085	1294285530
485175085	1294285530
485126759	1294284592
485126759	1294284592

13301204998

486652971	1295327963
486652971	1295327963
486774474	1295261581
486774474	1295261581
486873843	1295200431
486873843	1295200431
486924670	1295201736
486924670	1295201736
486959327	1295149377
486959327	1295149377

13301214049

486427937	1294756521
486427937	1294756521
486460733	1294755256
486460733	1294755256
486459349	1294755336
486459349	1294755336
486467054	1294880716
486467054	1294880716
486467908	1294905971
486467908	1294905971

13301214125

485269717	1294971490
485269717	1294971490
485310700	1294961679
485310700	1294961679
485326853	1294962014
485326853	1294962014
485389280	1295015055
485389280	1295015055
485389820	1295078617
485389820	1295078617

13301214136

486236649	1295632832
486236649	1295632832
486238514	1295586438
486238514	1295586438
486236261	1295484417
486236261	1295484417
486236261	1295484417
486236261	1295484417
486226445	1295556316
486226445	1295556316

13301214148

485833167	1295751334
485833167	1295751334
485833354	1295781093
485833354	1295781093
485834756	1295831254
485834756	1295831254
485838978	1295914987
485838978	1295914987
485843066	1296007538
485843066	1296007538

13301214159

486177044	1295476655
486177044	1295476655
486148712	1295473908
486148712	1295473908
486114981	1295488572
486114981	1295488572
486111088	1295485229
486111088	1295485229
486115599	1295616438
486115599	1295616438

13301214161

484416993	1295429689
484416993	1295429689
484472200	1295432382
484472200	1295432382
484496978	1295441730
484496978	1295441730
484496978	1295441730
484496978	1295441730
484496978	1295441730
484496978	1295441730

13301214163

485088843	1295034840
485088843	1295034840
485081790	1294888270
485081790	1294888270
485081774	1294786775
485081774	1294786775
485082037	1294702803
485082037	1294702803
485081976	1294645948
485081976	1294645948

13301214186

484157421	1295360524
484157421	1295360524
484127428	1295300319
484127428	1295300319
484127428	1295300319
484127428	1295300319
484127387	1295275563
484127387	1295275563
484123652	1295213879
484123652	1295213879
484121450	1295033234
484121450	1295033234

13301214210

486162706	1294334662
486162706	1294334662
486263507	1294456866
486263507	1294456866
486346784	1294541539
486346784	1294541539
486354849	1294575056
486354849	1294575056
486358145	1294623233
486358145	1294623233

13301214220

485225624	1295377272
485225624	1295377272
485225415	1295403999
485225415	1295403999
485225669	1295445412
485225669	1295445412
485225669	1295445412
485225669	1295445412
485226056	1295508709
485226056	1295508709

13301214260

486442176	1294632538
486442176	1294632538
486441883	1294629727
486441883	1294629727
486364349	1294640606
486364349	1294640606
486358584	1294683410
486358584	1294683410
486358584	1294683410
486358584	1294683410
486358895	1294696988
486358895	1294696988

13301214261

484695746	1296127639
484695746	1296127639
484698566	1296063219
484698566	1296063219
484693236	1296152148
484693236	1296152148
484696119	1296162739
484696119	1296162739
484702417	1296174773
484702417	1296174773

13301214266

485695678	1295339285
485695678	1295339285
485776597	1295350814
485776597	1295350814
485799730	1295366410
485799730	1295366410
485799730	1295366410
485799730	1295366410
485764028	1295382597
485764028	1295382597
485745647	1295383054
485745647	1295383054

13301214267

485612422	1296081852
485612422	1296081852
485612394	1296060133
485612394	1296060133
485611817	1296044444
485611817	1296044444
485611603	1296007323
485611603	1296007323
485612236	1295976810
485612236	1295976810

13301214290

485993435	1294302820
485993435	1294302820
485828831	1294298621
485828831	1294298621
485669281	1294290774
485669281	1294290774
485513491	1294301374
485513491	1294301374
485474866	1294293467
485474866	1294293467
485473850	1294372602
485473850	1294372602

13301214295

486213053	1295180267
486213053	1295180267
486240611	1295181206
486240611	1295181206
486358490	1295176426
486358490	1295176426
486382712	1295224019
486382712	1295224019
486385475	1295305250
486385475	1295305250

13301214297

485233219	1294522959
485233219	1294522959
485231500	1294522958
485231500	1294522958
485231376	1294676713
485231376	1294676713
485219015	1294693761
485219015	1294693761
485278590	1294693369
485278590	1294693369
485411098	1294694298
485411098	1294694298

13301214495

486069768	1295169813
486069768	1295169813
486069768	1295169813
486069768	1295169813
486069768	1295169813
486069768	1295169813
485991851	1295174529
485991851	1295174529
485956816	1295188353
485956816	1295188353

13301214583

485081600	1294551747
485081600	1294551747
485080735	1294421854
485080735	1294421854
485081022	1294265445
485081022	1294265445
485081022	1294158337
485081022	1294158337
485083421	1293983327
485083421	1293983327
485083385	1293945431
485083385	1293945431

13301214623

485531748	1295066112
485531748	1295066112
485518106	1295066247
485518106	1295066247
485518106	1295066247
485518106	1295066247
485457791	1295071411
485457791	1295071411
485389798	1295076042
485389798	1295076042
485389798	1295076042
485389798	1295076042

13301214805

486542576	1295563908
486542576	1295563908
486544266	1295618194
486544266	1295618194
486544266	1295618194
486544266	1295618194
486546925	1295697050
486546925	1295697050
486475010	1295699225
486475010	1295699225

13301214861

484343716	1295087576
484343716	1295087576
484284909	1295086460
484284909	1295086460
484284909	1295086460
484284909	1295086460
484284909	1295086460
484284909	1295086460
484131994	1295069842
484131994	1295069842

13301214871

485311108	1294445418
485311108	1294445418
485311108	1294445418
485311108	1294445418
485311732	1294522532
485311732	1294522532
485311732	1294522532
485311732	1294522532
485311732	1294522532
485311732	1294522532

13301214877

485695080	1295107340
485695080	1295107340
485677526	1294964841
485677526	1294964841
485687416	1294862884
485687416	1294862884
485715675	1294736321
485715675	1294736321
485765519	1294632588
485765519	1294632588
485797312	1294561801
485797312	1294561801

13301272693

486091557	1295473135
486091557	1295473135
486112400	1295528435
486112400	1295528435
486113143	1295611780
486113143	1295611780
486125205	1295629854
486125205	1295629854
486215793	1295628556
486215793	1295628556
486213547	1295650495
486213547	1295650495

13301272857

485842861	1295965346
485842861	1295965346
485837412	1295855052
485837412	1295855052
485834820	1295737096
485834820	1295737096
485833985	1295669249
485833985	1295669249
485833447	1295629664
485833447	1295629664

13311001148

485076603	1294315957
485076603	1294315957
485079206	1294422237
485079206	1294422237
485079899	1294551869
485079899	1294551869
485078656	1294654825
485078656	1294654825
485053526	1294691882
485053526	1294691882
485000084	1294690080
485000084	1294690080

13311020524

485132227	1296435303
485132227	1296435303
485139501	1296376964
485139501	1296376964
485204946	1296378233
485204946	1296378233
485231449	1296380913
485231449	1296380913
485306131	1296382119
485306131	1296382119

13311020945

486184960	1295004777
486184960	1295004777
486184960	1295004777
486184960	1295004777
486118233	1295013856
486118233	1295013856
486106767	1295015100
486106767	1295015100
486106423	1294974111
486106423	1294974111

13311021204

485468972	1295345809
485468972	1295345809
485468278	1295298965
485468278	1295298965
485467726	1295270299
485467726	1295270299
485481538	1295201799
485481538	1295201799
485448665	1295201047
485448665	1295201047
485437027	1295201347
485437027	1295201347

13311021554

485236698	1294393009
485236698	1294393009
485233196	1294392991
485233196	1294392991
485233196	1294392991
485233196	1294392991
485233307	1294285889
485233307	1294285889
485233307	1294285889
485233307	1294285889
485233546	1294185150
485233546	1294185150

13311021594

485989260	1295631867
485989260	1295631867
485901030	1295636473
485901030	1295636473
485844634	1295638624
485844634	1295638624
485833985	1295669249
485833985	1295669249
485831038	1295720009
485831038	1295720009

13311162406

486122284	1295801814
486122284	1295801814
486121695	1295855491
486121695	1295855491
486121874	1295864561
486121874	1295864561
486122102	1295870984
486122102	1295870984
486123513	1295904285
486123513	1295904285

13311191415

485833354	1295781093
485833354	1295781093
485835897	1295855305
485835897	1295855305
485838512	1295904058
485838512	1295904058
485838483	1295942676
485838483	1295942676
485843069	1296035931
485843069	1296035931
485763109	1296064303
485763109	1296064303

13311191416

484796736	1296691241
484796736	1296691241
484973335	1296692016
484973335	1296692016
484973335	1296692016
484973335	1296692016
485051462	1296692387
485051462	1296692387
485051462	1296692387
485051462	1296692387

13311191425

485613088	1296374299
485613088	1296374299
485613088	1296374299
485613088	1296374299
485613112	1296380467
485613112	1296380467
485675014	1296378506
485675014	1296378506
485727858	1296378468
485727858	1296378468

13311191429

487033642	1297502531
487033642	1297502531
487164142	1297668964
487164142	1297668964
487296142	1297773310
487296142	1297773310
487398485	1297810789
487398485	1297810789
487495946	1297799095
487495946	1297799095

13311191434

485228600	1296177342
485228600	1296177342
485244710	1296177397
485244710	1296177397
485244710	1296177397
485244710	1296177397
485244784	1296145941
485244784	1296145941
485246846	1296127868
485246846	1296127868

13311191438

484967825	1295465200
484967825	1295465200
484967097	1295369061
484967097	1295369061
484966583	1295332931
484966583	1295332931
484966583	1295332931
484966583	1295332931
484966583	1295332931
484966583	1295332931

13311191452

484656183	1294777757
484656183	1294777757
484647313	1294670193
484647313	1294670193
484640369	1294569499
484640369	1294569499
484639506	1294559607
484639506	1294559607
484639506	1294559607
484639506	1294559607

13311191462

485797764	1296117776
485797764	1296117776
485797764	1296117776
485797764	1296117776
485797764	1296117776
485797764	1296117776
485797764	1296117776
485797764	1296117776
485797764	1296117776
485797764	1296117776

13311191490

485762781	1293467920
485762781	1293467920
485765364	1293541077
485765364	1293541077
485765364	1293541077
485765364	1293541077
485813504	1293618833
485813504	1293618833
485854122	1293630762
485854122	1293630762
485937929	1293616726
485937929	1293616726

13311300564

484708409	1295660714
484708409	1295660714
484717004	1295794139
484717004	1295794139
484717004	1295794139
484717004	1295794139
484718646	1295852613
484718646	1295852613
484705648	1295934946
484705648	1295934946

13311300594

484695746	1296127639
484695746	1296127639
484694625	1296147982
484694625	1296147982
484699848	1296166067
484699848	1296166067
484742685	1296185037
484742685	1296185037
484764534	1296189913
484764534	1296189913
484789873	1296198714
484789873	1296198714

13311300654

487268889	1294794623
487268889	1294794623
487341790	1294761237
487341790	1294761237
487344288	1294711467
487344288	1294711467
487303216	1294629047
487303216	1294629047
487291382	1294591464
487291382	1294591464

13311300664

485237527	1295763798
485237527	1295763798
485236126	1295726903
485236126	1295726903
485234343	1295681602
485234343	1295681602
485232781	1295641025
485232781	1295641025
485232781	1295641025
485232781	1295641025
485229819	1295562383
485229819	1295562383

13311300684

486349822	1294579242
486349822	1294579242
486245139	1294585433
486245139	1294585433
486217926	1294615976
486217926	1294615976
486220806	1294624909
486220806	1294624909
486207178	1294647898
486207178	1294647898
486195589	1294649291
486195589	1294649291

13311300714

485402562	1296321311
485402562	1296321311
485429533	1296289608
485429533	1296289608
485429533	1296289608
485429533	1296289608
485429533	1296289608
485429533	1296289608
485414886	1296333228
485414886	1296333228
485414886	1296333228
485414886	1296333228

13311300740

486242564	1296090077
486242564	1296090077
486368588	1296154283
486368588	1296154283
486510431	1296203114
486510431	1296203114
486506999	1296178805
486506999	1296178805
486482634	1296125491
486482634	1296125491
486420148	1296105713
486420148	1296105713

13311300814

485222582	1298406621
485222582	1298406621
485222582	1298406621
485222582	1298406621
485222582	1298406621
485222582	1298406621
485288771	1298555865
485288771	1298555865
485299799	1298554335
485299799	1298554335

13311300864

485768657	1295226076
485768657	1295226076
485752630	1295196309
485752630	1295196309
485716861	1295189487
485716861	1295189487
485686269	1295086253
485686269	1295086253
485682434	1294912931
485682434	1294912931

13311403482

485693951	1296251187
485693951	1296251187
485651068	1296230533
485651068	1296230533
485650908	1296208140
485650908	1296208140
485651386	1296176610
485651386	1296176610
485614256	1296178330
485614256	1296178330

13311403492

486082748	1294819297
486082748	1294819297
486097124	1294864234
486097124	1294864234
486097124	1294864234
486097124	1294864234
486099770	1294956971
486099770	1294956971
486045179	1294961528
486045179	1294961528
486020904	1294963555
486020904	1294963555

13311403506

486484109	1295301419
486484109	1295301419
486569628	1295297927
486569628	1295297927
486594819	1295309871
486594819	1295309871
486596089	1295352622
486596089	1295352622
486486996	1295417083
486486996	1295417083
486418005	1295430541
486418005	1295430541

13311403511

483053560	1292849487
483053560	1292849487
482947309	1292817376
482947309	1292817376
482919363	1292817614
482919363	1292817614
482844045	1292816869
482844045	1292816869
482745843	1292819424
482745843	1292819424
482819893	1292816652
482819893	1292816652

13311403600

486119554	1294654101
486119554	1294654101
486070218	1294659913
486070218	1294659913
486072259	1294661027
486072259	1294661027
486066689	1294660428
486066689	1294660428
486066689	1294660428
486066689	1294660428

13311403642

484666865	1295254273
484666865	1295254273
484685121	1295356213
484685121	1295356213
484698631	1295501670
484698631	1295501670
484709959	1295649185
484709959	1295649185
484711710	1295682698
484711710	1295682698
484713917	1295714251
484713917	1295714251

13311426257

485653391	1296252075
485653391	1296252075
485617525	1296250309
485617525	1296250309
485542261	1296251380
485542261	1296251380
485454444	1296249620
485454444	1296249620
485454444	1296249620
485454444	1296249620

13311426281

484991166	1296084026
484991166	1296084026
484990073	1296045176
484990073	1296045176
484989599	1296021152
484989599	1296021152
485014473	1296004080
485014473	1296004080
485033210	1295996555
485033210	1295996555

13311426358

485631213	1296374483
485631213	1296374483
485611724	1296435757
485611724	1296435757
485570066	1296499295
485570066	1296499295
485570066	1296499295
485570066	1296499295
485570066	1296499295
485570066	1296499295
485545435	1296503578
485545435	1296503578

13311426361

485149131	1295448274
485149131	1295448274
485148568	1295422978
485148568	1295422978
485149024	1295406014
485149024	1295406014
485180452	1295405205
485180452	1295405205
485180452	1295405205
485180452	1295405205
485180211	1295403457
485180211	1295403457

13311426376

486588970	1296390331
486588970	1296390331
486587251	1296360808
486587251	1296360808
486587251	1296360808
486587251	1296360808
486587251	1296360808
486587251	1296360808
486531204	1296331391
486531204	1296331391
486523488	1296249505
486523488	1296249505

13311426382

484879600	1295267546
484879600	1295267546
484879597	1295310258
484879597	1295310258
484879368	1295350288
484879368	1295350288
484853309	1295364809
484853309	1295364809
484853309	1295364809
484853309	1295364809

13311426383

484731856	1296366854
484731856	1296366854
484708250	1296312978
484708250	1296312978
484708163	1296256310
484708163	1296256310
484664373	1296253062
484664373	1296253062
484665090	1296241844
484665090	1296241844

13311426396

485868890	1295636034
485868890	1295636034
485844528	1295637345
485844528	1295637345
485833985	1295669249
485833985	1295669249
485835910	1295588145
485835910	1295588145
485834520	1295496110
485834520	1295496110
485832040	1295439428
485832040	1295439428

13311426398

486156137	1293680413
486156137	1293680413
486068370	1293667739
486068370	1293667739
485846607	1293634966
485846607	1293634966
485704360	1293595698
485704360	1293595698
485526336	1293600092
485526336	1293600092
485392285	1293593118
485392285	1293593118

13311426405

485784707	1296381242
485784707	1296381242
485850884	1296410028
485850884	1296410028
485882197	1296483426
485882197	1296483426
485882197	1296483426
485882197	1296483426
485906753	1296542092
485906753	1296542092

13311426415

485976031	1296443488
485976031	1296443488
485992067	1296425006
485992067	1296425006
485992513	1296424463
485992513	1296424463
485976031	1296443488
485976031	1296443488
485942782	1296447024
485942782	1296447024
485903894	1296449125
485903894	1296449125

13311426416

484673271	1294289214
484673271	1294289214
484710449	1294306438
484710449	1294306438
484710449	1294306438
484710449	1294306438
484735114	1294348564
484735114	1294348564
484784458	1294335766
484784458	1294335766

13311426418

486967797	1295136154
486967797	1295136154
486897260	1295152181
486897260	1295152181
486796290	1295155669
486796290	1295155669
486796290	1295155669
486796290	1295155669
486689762	1295161402
486689762	1295161402
486689762	1295161402
486689762	1295161402

13311426440

485973566	1296278845
485973566	1296278845
485949301	1296308269
485949301	1296308269
485883039	1296373834
485883039	1296373834
485875022	1296375942
485875022	1296375942
485844463	1296376649
485844463	1296376649

13311426450

487043221	1296162942
487043221	1296162942
487046159	1296054570
487046159	1296054570
487047096	1296015521
487047096	1296015521
487049340	1295891072
487049340	1295891072
487049340	1295891072
487049340	1295891072
487050050	1295867416
487050050	1295867416

13311426460

485572227	1295196607
485572227	1295196607
485530902	1295127350
485530902	1295127350
485531748	1295066112
485531748	1295066112
485590774	1295067074
485590774	1295067074
485590774	1295067074
485590774	1295067074
485637124	1295069619
485637124	1295069619

13311426463

484952940	1295230995
484952940	1295230995
484952940	1295230995
484952940	1295230995
484939075	1295230787
484939075	1295230787
484939075	1295230787
484939075	1295230787
484879705	1295233252
484879705	1295233252
484879705	1295233252
484879705	1295233252

13311426465

485293064	1296146035
485293064	1296146035
485248415	1296145993
485248415	1296145993
485248415	1296145993
485248415	1296145993
485248415	1296145993
485248415	1296145993
485248415	1296145993
485248415	1296145993

13311426468

485314872	1296146322
485314872	1296146322
485314681	1296146322
485314681	1296146322
485314681	1296146322
485314681	1296146322
485344346	1296096565
485344346	1296096565
485344346	1296096565
485344346	1296096565
485344346	1296096565
485344346	1296096565

13311431000

486829451	1295225992
486829451	1295225992
486810223	1295342487
486810223	1295342487
486769628	1295364776
486769628	1295364776
486721147	1295411810
486721147	1295411810
486662885	1295416723
486662885	1295416723

13311431002

485853986	1295203102
485853986	1295203102
485835907	1295200643
485835907	1295200643
485813206	1295200843
485813206	1295200843
485780716	1295202276
485780716	1295202276
485745779	1295190296
485745779	1295190296

13311431008

485210293	1294689121
485210293	1294689121
485147431	1294692197
485147431	1294692197
485088234	1294691753
485088234	1294691753
485053526	1294691882
485053526	1294691882
485053526	1294691882
485053526	1294691882
484883746	1294696024
484883746	1294696024

13311431041

484830472	1294874702
484830472	1294874702
484856169	1294874373
484856169	1294874373
484856169	1294874373
484856169	1294874373
484897942	1294873842
484897942	1294873842
484978944	1294916119
484978944	1294916119
484977712	1294958407
484977712	1294958407

13311431043

484947710	1295122012
484947710	1295122012
484997909	1295134585
484997909	1295134585
484972702	1295111830
484972702	1295111830
484980422	1295034439
484980422	1295034439
484978645	1295052822
484978645	1295052822
485084509	1295050241
485084509	1295050241

13311431050

485861542	1295422026
485861542	1295422026
485862884	1295414470
485862884	1295414470
485916930	1295370611
485916930	1295370611
485963626	1295368812
485963626	1295368812
486025386	1295364456
486025386	1295364456
486104105	1295356810
486104105	1295356810

13311431086

484343716	1295087576
484343716	1295087576
484313382	1295086842
484313382	1295086842
484284909	1295086460
484284909	1295086460
484284909	1295086460
484284909	1295086460
484280627	1295084366
484280627	1295084366

13311431088

486181094	1294859294
486181094	1294859294
486139435	1294860994
486139435	1294860994
486139435	1294860994
486139435	1294860994
486185594	1294859110
486185594	1294859110
486231153	1294857252
486231153	1294857252

13311453201

485843721	1294511033
485843721	1294511033
485695877	1294531619
485695877	1294531619
485543759	1294538298
485543759	1294538298
485400683	1294536223
485400683	1294536223
485389275	1294540400
485389275	1294540400

13311453211

485710254	1295289791
485710254	1295289791
485710508	1295229816
485710508	1295229816
485709693	1295177420
485709693	1295177420
485688281	1295082449
485688281	1295082449
485686076	1295067332
485686076	1295067332
485681322	1295017534
485681322	1295017534

13311453212

486105505	1295046519
486105505	1295046519
486098221	1294829324
486098221	1294829324
486056775	1294727300
486056775	1294727300
485947934	1294678827
485947934	1294678827
485878140	1294683249
485878140	1294683249

13311453213

484954005	1296191883
484954005	1296191883
485007340	1296229619
485007340	1296229619
485028094	1296251442
485028094	1296251442
485028094	1296251442
485028094	1296251442
484945023	1296311058
484945023	1296311058
484945023	1296311058
484945023	1296311058

13311453224

485078633	1294029350
485078633	1294029350
485079206	1294157764
485079206	1294157764
485078977	1294343474
485078977	1294343474
485080831	1294491126
485080831	1294491126
485079899	1294551869
485079899	1294551869
485079779	1294672000
485079779	1294672000

13311453226

486603154	1295544459
486603154	1295544459
486542576	1295563908
486542576	1295563908
486542900	1295546989
486542900	1295546989
486542900	1295546989
486542900	1295546989
486543054	1295595438
486543054	1295595438

13311453233

486698505	1295775700
486698505	1295775700
486648413	1295694921
486648413	1295694921
486648413	1295694921
486648413	1295694921
486648413	1295694921
486648413	1295694921
486648413	1295694921
486648413	1295694921

13311453242

485833309	1295598182
485833309	1295598182
485832650	1295519412
485832650	1295519412
485832448	1295484421
485832448	1295484421
485832120	1295461119
485832120	1295461119
485832040	1295439428
485832040	1295439428
485830439	1295398038
485830439	1295398038

13311453257

485235650	1295761753
485235650	1295761753
485186797	1295764416
485186797	1295764416
485156953	1295764958
485156953	1295764958
485156953	1295764958
485156953	1295764958
485123847	1295765259
485123847	1295765259

13311453260

486128657	1295889336
486128657	1295889336
486128657	1295889336
486128657	1295889336
486127009	1295814826
486127009	1295814826
486162765	1295774405
486162765	1295774405
486192188	1295774026
486192188	1295774026
486216540	1295773266
486216540	1295773266

13311453264

484441447	1295544099
484441447	1295544099
484496467	1295542704
484496467	1295542704
484501741	1295543375
484501741	1295543375
484500986	1295437262
484500986	1295437262
484475029	1295297199
484475029	1295297199
484422925	1295169159
484422925	1295169159

13311453276

486035608	1296213269
486035608	1296213269
486075858	1296245717
486075858	1296245717
486075858	1296245717
486075858	1296245717
486115955	1296283939
486115955	1296283939
486187616	1296357988
486187616	1296357988
486258667	1296428517
486258667	1296428517

13311453279

486148429	1294955332
486148429	1294955332
486148429	1294955332
486148429	1294955332
486045179	1294961528
486045179	1294961528
486045179	1294961528
486045179	1294961528
486020904	1294963555
486020904	1294963555

13311453289

485837820	1295202039
485837820	1295202039
485826261	1295202369
485826261	1295202369
485772676	1295203800
485772676	1295203800
485745499	1295196011
485745499	1295196011
485727406	1295193079
485727406	1295193079
485692124	1295194527
485692124	1295194527

13311453293

485615257	1296415917
485615257	1296415917
485613112	1296380467
485613112	1296380467
485613112	1296380467
485613112	1296380467
485684081	1296380458
485684081	1296380458
485783033	1296381245
485783033	1296381245
485856885	1296424569
485856885	1296424569

13311453298

484785971	1295126438
484785971	1295126438
484848623	1295123104
484848623	1295123104
484899599	1295121918
484899599	1295121918
484947710	1295122012
484947710	1295122012
485004259	1295120659
485004259	1295120659

13311453317

484702355	1295521359
484702355	1295521359
484691197	1295398204
484691197	1295398204
484680487	1295309739
484680487	1295309739
484664079	1295208792
484664079	1295208792
484697792	1295123700
484697792	1295123700

13311453327

485702305	1295157657
485702305	1295157657
485699161	1295202706
485699161	1295202706
485755295	1295204378
485755295	1295204378
485846343	1295202569
485846343	1295202569
485878028	1295213436
485878028	1295213436
485880851	1295224828
485880851	1295224828

13311453328

486646249	1296442045
486646249	1296442045
486599003	1296442977
486599003	1296442977
486485571	1296430564
486485571	1296430564
486480376	1296456744
486480376	1296456744
486467095	1296471649
486467095	1296471649
486418373	1296430867
486418373	1296430867

13311453334

484402468	1294860828
484402468	1294860828
484436159	1294823699
484436159	1294823699
484512484	1294770060
484512484	1294770060
484514742	1294748995
484514742	1294748995
484514742	1294748995
484514742	1294748995

13311453351

485325831	1295080355
485325831	1295080355
485325831	1295080355
485325831	1295080355
485324892	1295125669
485324892	1295125669
485324892	1295125669
485324892	1295125669
485324015	1295167970
485324015	1295167970

13311453352

486596089	1295352622
486596089	1295352622
486596089	1295352622
486596089	1295352622
486596089	1295352622
486596089	1295352622
486596089	1295352622
486596089	1295352622
486596089	1295352622
486596089	1295352622

13311453353

485833315	1296226765
485833315	1296226765
485794344	1296251115
485794344	1296251115
485738878	1296250938
485738878	1296250938
485738878	1296250938
485738878	1296250938
485720793	1296250539
485720793	1296250539
485720440	1296209721
485720440	1296209721

13311453361

486418916	1296034319
486418916	1296034319
486418916	1296034319
486418916	1296034319
486418916	1296034319
486418916	1296034319
486418916	1296034319
486418916	1296034319
486418916	1296034319
486418916	1296034319
486418916	1296034319
486418916	1296034319

13311453374

486132804	1296018411
486132804	1296018411
486134620	1295999589
486134620	1295999589
486131057	1295965038
486131057	1295965038
486131057	1295965038
486131057	1295965038
486131057	1295965038
486131057	1295965038

13311453388

485028531	1295996059
485028531	1295996059
485023968	1295919048
485023968	1295919048
485023968	1295919048
485023968	1295919048
485020941	1295859984
485020941	1295859984
485017979	1295808475
485017979	1295808475

13311453391

484597469	1295399257
484597469	1295399257
484597469	1295399257
484597469	1295399257
484649639	1295404611
484649639	1295404611
484649639	1295404611
484649639	1295404611
484649639	1295404611
484649639	1295404611

13311453393

485344346	1296096565
485344346	1296096565
485348309	1296096093
485348309	1296096093
485360151	1296080868
485360151	1296080868
485424991	1296078345
485424991	1296078345
485513224	1296075346
485513224	1296075346
485579896	1296073049
485579896	1296073049

13311453395

485488647	1295684004
485488647	1295684004
485488647	1295684004
485488647	1295684004
485462510	1295716684
485462510	1295716684
485382494	1295720152
485382494	1295720152
485342468	1295745311
485342468	1295745311
485310645	1295764807
485310645	1295764807

13311453400

486921907	1295168896
486921907	1295168896
486979563	1295134254
486979563	1295134254
487130381	1295044557
487130381	1295044557
487218138	1294995133
487218138	1294995133
487291290	1294958225
487291290	1294958225
487338873	1294926313
487338873	1294926313

13311453403

486556305	1295774971
486556305	1295774971
486518973	1295776222
486518973	1295776222
486518973	1295776222
486518973	1295776222
486612328	1295776572
486612328	1295776572
486613578	1295740178
486613578	1295740178

13311453418

483419093	1295079618
483419093	1295079618
483419093	1295079618
483419093	1295079618
483419093	1295079618
483419093	1295079618
483465269	1295101454
483465269	1295101454
483465269	1295101454
483465269	1295101454
483523860	1295144956
483523860	1295144956

13311453432

486582297	1294990035
486582297	1294990035
486500640	1294994190
486500640	1294994190
486483423	1294989932
486483423	1294989932
486483423	1294989932
486483423	1294989932
486470753	1294993231
486470753	1294993231

13311453437

486667461	1296505171
486667461	1296505171
486667461	1296505171
486667461	1296505171
486619789	1296506885
486619789	1296506885
486599183	1296446371
486599183	1296446371
486599183	1296446371
486599183	1296446371

13311453440

484970872	1295554852
484970872	1295554852
484969162	1295496029
484969162	1295496029
484968849	1295431595
484968849	1295431595
484968849	1295431595
484968849	1295431595
484965289	1295332476
484965289	1295332476
484966583	1295332931
484966583	1295332931

13311453446

484593860	1295544485
484593860	1295544485
484546748	1295508842
484546748	1295508842
484535405	1295507692
484535405	1295507692
484535405	1295507692
484535405	1295507692
484546748	1295508842
484546748	1295508842

13311453450

485502346	1294540142
485502346	1294540142
485392877	1294531643
485392877	1294531643
485357594	1294521577
485357594	1294521577
485311732	1294522532
485311732	1294522532
485311732	1294522532
485311732	1294522532
485311732	1294522532
485311732	1294522532

13311453469

485963293	1295259790
485963293	1295259790
485963293	1295259790
485963293	1295259790
485963293	1295259790
485963293	1295259790
485963293	1295259790
485963293	1295259790
485963293	1295259790
485963293	1295259790
485963293	1295259790
485963293	1295259790

13311453480

485592597	1295067104
485592597	1295067104
485592188	1295127444
485592188	1295127444
485593828	1295195863
485593828	1295195863
485593828	1295195863
485593828	1295195863
485592321	1295199005
485592321	1295199005
485655027	1295197656
485655027	1295197656

13311470332

485844053	1295993074
485844053	1295993074
485821167	1295963648
485821167	1295963648
485821285	1295959481
485821285	1295959481
485808308	1295972597
485808308	1295972597
485772033	1295973330
485772033	1295973330

13311470344

486222349	1294666623
486222349	1294666623
486223748	1294704170
486223748	1294704170
486223748	1294704170
486223748	1294704170
486223748	1294704170
486223748	1294704170
486231153	1294857252
486231153	1294857252

13311470377

485595550	1295140035
485595550	1295140035
485595623	1295127433
485595623	1295127433
485592030	1295158437
485592030	1295158437
485594936	1295202414
485594936	1295202414
485624380	1295200635
485624380	1295200635

13311470403

485209446	1295059322
485209446	1295059322
485183650	1295054353
485183650	1295054353
485091672	1295049544
485091672	1295049544
485091540	1295046266
485091540	1295046266
485113987	1295016745
485113987	1295016745

13311470405

486503349	1295873343
486503349	1295873343
486502051	1295817989
486502051	1295817989
486503349	1295873343
486503349	1295873343
486503349	1295873343
486503349	1295873343
486503349	1295873343
486503349	1295873343
486530370	1295881347
486530370	1295881347

13311470409

485244710	1296177397
485244710	1296177397
485246092	1296250017
485246092	1296250017
485243302	1296331773
485243302	1296331773
485247657	1296373138
485247657	1296373138
485295135	1296334334
485295135	1296334334

13311470417

484545463	1294093439
484545463	1294093439
484545463	1294093439
484545463	1294093439
484545463	1294093439
484545463	1294093439
484545463	1294093439
484545463	1294093439
484545463	1294093439
484545463	1294093439

13311470419

486108818	1295267672
486108818	1295267672
486108818	1295267672
486108818	1295267672
486108250	1295198040
486108250	1295198040
486109018	1295168956
486109018	1295168956
486070002	1295167999
486070002	1295167999

13311470429

485590774	1295067074
485590774	1295067074
485590774	1295067074
485590774	1295067074
485590774	1295067074
485590774	1295067074
485518106	1295066247
485518106	1295066247
485436560	1295073081
485436560	1295073081
485389798	1295076042
485389798	1295076042

13311470441

486936626	1294730282
486936626	1294730282
486876314	1294734536
486876314	1294734536
486858388	1294738737
486858388	1294738737
486836527	1294757108
486836527	1294757108
486771885	1294779652
486771885	1294779652

13311470450

485242255	1295962162
485242255	1295962162
485244237	1296059054
485244237	1296059054
485242523	1296094340
485242523	1296094340
485262734	1296087880
485262734	1296087880
485333767	1296079922
485333767	1296079922
485418051	1296076399
485418051	1296076399

13311470454

486572314	1293905766
486572314	1293905766
486553968	1293851782
486553968	1293851782
486521961	1293750503
486521961	1293750503
486474294	1293703371
486474294	1293703371
486483136	1293637128
486483136	1293637128

13311470461

487726523	1297762831
487726523	1297762831
487631443	1297774748
487631443	1297774748
487497714	1297790996
487497714	1297790996
487497714	1297790996
487497714	1297790996
487516747	1297641507
487516747	1297641507
487516747	1297641507
487516747	1297641507

13311470462

485776522	1296373969
485776522	1296373969
485686720	1296374027
485686720	1296374027
485664645	1296376384
485664645	1296376384
485618268	1296376421
485618268	1296376421
485549104	1296373767
485549104	1296373767

13311470463

485461376	1296435386
485461376	1296435386
485461759	1296378461
485461759	1296378461
485462139	1296331326
485462139	1296331326
485462999	1296303129
485462999	1296303129
485462999	1296303129
485462999	1296303129

13311470464

485245803	1296557552
485245803	1296557552
485320480	1296558663
485320480	1296558663
485319435	1296464893
485319435	1296464893
485319435	1296464893
485319435	1296464893
485319435	1296464893
485319435	1296464893

13311470465

487497714	1297790996
487497714	1297790996
487497714	1297790996
487497714	1297790996
487497714	1297790996
487497714	1297790996
487497714	1297790996
487497714	1297790996
487497714	1297790996
487497714	1297790996

13311470468

485028094	1296251442
485028094	1296251442
485027013	1296338202
485027013	1296338202
485026871	1296377357
485026871	1296377357
485025056	1296452468
485025056	1296452468
485024625	1296499007
485024625	1296499007
485014102	1296553816
485014102	1296553816

13311470472

486003254	1296859401
486003254	1296859401
486003254	1296859401
486003254	1296859401
486003254	1296859401
486003254	1296859401
486003254	1296859401
486003254	1296859401
486003254	1296859401
486003254	1296859401

13311470476

486010845	1295172023
486010845	1295172023
485991851	1295174529
485991851	1295174529
485961521	1295187748
485961521	1295187748
485956816	1295188353
485956816	1295188353
485912264	1295190614
485912264	1295190614
485894529	1295192398
485894529	1295192398

13311470478

486966914	1295887189
486966914	1295887189
486828506	1295880313
486828506	1295880313
486727805	1295868939
486727805	1295868939
486643096	1295880246
486643096	1295880246
486580758	1295883445
486580758	1295883445
486567039	1295881994
486567039	1295881994

13311470482

485103475	1294291243
485103475	1294291243
485267242	1294288280
485267242	1294288280
485380552	1294300408
485380552	1294300408
485513728	1294304317
485513728	1294304317
485642646	1294295679
485642646	1294295679
485781056	1294301726
485781056	1294301726

13311470485

486418008	1294571596
486418008	1294571596
486354849	1294575056
486354849	1294575056
486355995	1294587573
486355995	1294587573
486358145	1294623233
486358145	1294623233
486361182	1294704270
486361182	1294704270
486365225	1294793747
486365225	1294793747

13311470498

485827906	1295466198
485827906	1295466198
485832120	1295461119
485832120	1295461119
485831277	1295411446
485831277	1295411446
485819804	1295347577
485819804	1295347577
485812913	1295333810
485812913	1295333810
485797499	1295305018
485797499	1295305018

13311480650

484740920	1294988179
484740920	1294988179
484762744	1294992319
484762744	1294992319
484827907	1294982861
484827907	1294982861
484900330	1294982765
484900330	1294982765
484918154	1295020673
484918154	1295020673

13311480651

484839712	1295153492
484839712	1295153492
484839668	1295148423
484839668	1295148423
484859162	1295146824
484859162	1295146824
484879403	1295172746
484879403	1295172746
484879705	1295233252
484879705	1295233252
484811392	1295236092
484811392	1295236092

13311480652

486184420	1297051689
486184420	1297051689
486306624	1296978883
486306624	1296978883
486338165	1296959424
486338165	1296959424
486430133	1296903447
486430133	1296903447
486448287	1296891026
486448287	1296891026
486501314	1296853284
486501314	1296853284

13311480668

485833354	1295781093
485833354	1295781093
485835897	1295855305
485835897	1295855305
485838978	1295914987
485838978	1295914987
485843066	1296007538
485843066	1296007538
485838864	1296044147
485838864	1296044147

13311480669

485288121	1296379133
485288121	1296379133
485288121	1296379133
485288121	1296379133
485335289	1296378925
485335289	1296378925
485393209	1296376841
485393209	1296376841
485485763	1296377139
485485763	1296377139
485539678	1296379868
485539678	1296379868

13311480679

485684704	1296690320
485684704	1296690320
485621076	1296690423
485621076	1296690423
485603880	1296690318
485603880	1296690318
485529639	1296689997
485529639	1296689997
485477758	1296689806
485477758	1296689806

13311480687

485381100	1294393377
485381100	1294393377
485455172	1294406274
485455172	1294406274
485474933	1294409534
485474933	1294409534
485474933	1294409534
485474933	1294409534
485472483	1294478308
485472483	1294478308
485471553	1294553357
485471553	1294553357

13311480689

484556312	1294190304
484556312	1294190304
484498886	1294203467
484498886	1294203467
484455457	1294212748
484455457	1294212748
484362908	1294219698
484362908	1294219698
484362908	1294219698
484362908	1294219698
484362908	1294219698
484362908	1294219698

13311480725

485367225	1295079234
485367225	1295079234
485436995	1295075358
485436995	1295075358
485436995	1295075358
485436995	1295075358
485463498	1295073486
485463498	1295073486
485590774	1295067074
485590774	1295067074

13311480760

485125571	1295556146
485125571	1295556146
485123056	1295484622
485123056	1295484622
485121360	1295447760
485121360	1295447760
485121360	1295447760
485121360	1295447760
485120587	1295399501
485120587	1295399501
485119034	1295296030
485119034	1295296030

13311480793

487281483	1294570837
487281483	1294570837
487281483	1294570837
487281483	1294570837
487281483	1294570837
487281483	1294570837
487281483	1294570837
487281483	1294570837
487281483	1294570837
487281483	1294570837

13311486233

485037288	1294903598
485037288	1294903598
485112465	1294901349
485112465	1294901349
485130137	1294900870
485130137	1294900870
485161589	1294900394
485161589	1294900394
485161589	1294900394
485161589	1294900394

13311486241

484819553	1294323778
484819553	1294323778
484908768	1294298546
484908768	1294298546
484991219	1294292238
484991219	1294292238
485095573	1294314405
485095573	1294314405
485118417	1294293537
485118417	1294293537

13311486414

484570482	1295844410
484570482	1295844410
484570482	1295844410
484570482	1295844410
484570482	1295844410
484570482	1295844410
484570482	1295844410
484570482	1295844410
484570482	1295844410
484570482	1295844410

13311486474

486605840	1296566698
486605840	1296566698
486605840	1296566698
486605840	1296566698
486605840	1296566698
486605840	1296566698
486605840	1296566698
486605840	1296566698
486605840	1296566698
486605840	1296566698

13311486521

486236008	1295355335
486236008	1295355335
486303293	1295352358
486303293	1295352358
486310651	1295307825
486310651	1295307825
486310651	1295307825
486310651	1295307825
486310651	1295307825
486310651	1295307825
486310651	1295307825
486310651	1295307825

13311486546

484823242	1294701847
484823242	1294701847
484570298	1294730430
484570298	1294730430
484521578	1294756244
484521578	1294756244
484521578	1294756244
484521578	1294756244
484513977	1294762054
484513977	1294762054

13311486571

486129911	1295978809
486129911	1295978809
486129911	1295978809
486129911	1295978809
486124435	1295806825
486124435	1295806825
486124338	1295802006
486124338	1295802006
486121581	1295734777
486121581	1295734777

13311486580

485126452	1295625007
485126452	1295625007
485127644	1295611845
485127644	1295611845
485127644	1295611845
485127644	1295611845
485125533	1295598829
485125533	1295598829
485123982	1295645502
485123982	1295645502

13311486585

484975453	1295606931
484975453	1295606931
484969030	1295532892
484969030	1295532892
484975453	1295606931
484975453	1295606931
485014452	1295774028
485014452	1295774028
484996236	1295676833
484996236	1295676833
485013072	1295745385
485013072	1295745385
485015789	1295801801
485015789	1295801801

13311486587

485079660	1295898498
485079660	1295898498
485139081	1295893927
485139081	1295893927
485159479	1295819716
485159479	1295819716
485159479	1295819716
485159479	1295819716
485159479	1295819716
485159479	1295819716

13311487151

484702925	1295426687
484702925	1295426687
484687430	1295402709
484687430	1295402709
484648756	1295370573
484648756	1295370573
484661592	1295367417
484661592	1295367417
484660368	1295337084
484660368	1295337084
484660146	1295294220
484660146	1295294220

13311487153

484719828	1295608837
484719828	1295608837
484696215	1295456183
484696215	1295456183
484680487	1295309739
484680487	1295309739
484664079	1295208792
484664079	1295208792
484660349	1295127826
484660349	1295127826

13311487175

485283899	1297315744
485283899	1297315744
485268165	1297239072
485268165	1297239072
485266911	1297179501
485266911	1297179501
485262910	1297095466
485262910	1297095466
485239075	1297008150
485239075	1297008150

13311488137

484384879	1295023342
484384879	1295023342
484384792	1295014753
484384792	1295014753
484396576	1294874480
484396576	1294874480
484402468	1294860828
484402468	1294860828
484436159	1294823699
484436159	1294823699

13311488208

486150838	1296047081
486150838	1296047081
486307057	1296122658
486307057	1296122658
486367393	1296211586
486367393	1296211586
486314589	1296278045
486314589	1296278045
486283024	1296314787
486283024	1296314787
486156428	1296431295
486156428	1296431295

13311488209

484968190	1295208001
484968190	1295208001
484969190	1295158784
484969190	1295158784
484968190	1295208001
484968190	1295208001
484968190	1295208001
484968190	1295208001
484968190	1295208001
484968190	1295208001

13311488210

486461226	1293721381
486461226	1293721381
486542503	1293799996
486542503	1293799996
486553968	1293851782
486553968	1293851782
486569447	1293883026
486569447	1293883026
486597442	1293966151
486597442	1293966151
486644738	1294039530
486644738	1294039530

13311488212

486351053	1294553282
486351053	1294553282
486347533	1294588227
486347533	1294588227
486360708	1294624943
486360708	1294624943
486359909	1294666507
486359909	1294666507
486363820	1294763297
486363820	1294763297
486367843	1294876505
486367843	1294876505

13311488214

486056701	1296230414
486056701	1296230414
486075858	1296245717
486075858	1296245717
486075858	1296245717
486075858	1296245717
486151499	1296313081
486151499	1296313081
486230359	1296405872
486230359	1296405872

13311488218

485517535	1296503674
485517535	1296503674
485545435	1296503578
485545435	1296503578
485545435	1296503578
485545435	1296503578
485570066	1296499295
485570066	1296499295
485570066	1296499295
485570066	1296499295
485562212	1296473515
485562212	1296473515

13311488220

486107711	1295106121
486107711	1295106121
486107711	1295106121
486107711	1295106121
486106767	1295015100
486106767	1295015100
486106423	1294974111
486106423	1294974111
486106293	1294958585
486106293	1294958585
486161628	1294956555
486161628	1294956555

13311488231

485963441	1295308338
485963441	1295308338
485963293	1295259790
485963293	1295259790
485964371	1295191480
485964371	1295191480
486097528	1295185197
486097528	1295185197
486106452	1295165706
486106452	1295165706

13311488234

485611603	1296007323
485611603	1296007323
485611603	1296007323
485611603	1296007323
485650361	1295976368
485650361	1295976368
485671344	1295976177
485671344	1295976177
485717581	1296009875
485717581	1296009875

13311488235

486066748	1294294396
486066748	1294294396
485950548	1294303768
485950548	1294303768
485950548	1294303768
485950548	1294303768
485901936	1294306539
485901936	1294306539
485737596	1294290774
485737596	1294290774
485614341	1294295551
485614341	1294295551

13311488244

485814124	1295343501
485814124	1295343501
485822961	1295370074
485822961	1295370074
485822961	1295370074
485822961	1295370074
485824157	1295376869
485824157	1295376869
485841640	1295399058
485841640	1295399058

13311488246

486369100	1294947679
486369100	1294947679
486369100	1294947679
486369100	1294947679
486369100	1294947679
486369100	1294947679
486369100	1294947679
486369100	1294947679
486369100	1294947679
486369100	1294947679

13311488247

485226056	1295508709
485226056	1295508709
485226056	1295508709
485226056	1295508709
485228110	1295443783
485228110	1295443783
485227583	1295356254
485227583	1295356254
485227624	1295330426
485227624	1295330426

13311488248

486128309	1296095866
486128309	1296095866
486123067	1296102639
486123067	1296102639
486110847	1296118597
486110847	1296118597
486098822	1296132912
486098822	1296132912
486073508	1296162430
486073508	1296162430

13311489311

485837506	1296374394
485837506	1296374394
485755639	1296374370
485755639	1296374370
485721523	1296307322
485721523	1296307322
485721523	1296307322
485721523	1296307322
485721523	1296307322
485721523	1296307322

13311489348

485473438	1295813677
485473438	1295813677
485473808	1295867592
485473808	1295867592
485474232	1295883957
485474232	1295883957
485474746	1295956887
485474746	1295956887
485474694	1295965919
485474694	1295965919

13311489356

486742953	1296390019
486742953	1296390019
486782207	1296384832
486782207	1296384832
486742917	1296373558
486742917	1296373558
486642683	1296334446
486642683	1296334446
486587166	1296332762
486587166	1296332762

13311489399

485989428	1295635175
485989428	1295635175
485989260	1295631867
485989260	1295631867
485950409	1295634714
485950409	1295634714
485868890	1295636034
485868890	1295636034
485833447	1295629664
485833447	1295629664
485835132	1295592365
485835132	1295592365

13311489539

485727406	1295193079
485727406	1295193079
485692124	1295194527
485692124	1295194527
485673233	1295195217
485673233	1295195217
485673233	1295195217
485673233	1295195217
485594936	1295201339
485594936	1295201339
485544717	1295199428
485544717	1295199428

13311489602

486066392	1295814242
486066392	1295814242
486122284	1295801814
486122284	1295801814
486123815	1295856460
486123815	1295856460
486129911	1295978809
486129911	1295978809
486123815	1295856460
486123815	1295856460

13311489608

486364349	1294640606
486364349	1294640606
486469892	1294629432
486469892	1294629432
486497555	1294627436
486497555	1294627436
486539094	1294626387
486539094	1294626387
486571468	1294696450
486571468	1294696450

13311489613

481196317	1298605280
481196317	1298605280
481282292	1298491157
481282292	1298491157
481352126	1298410314
481352126	1298410314
481438892	1298275482
481438892	1298275482
481420136	1298201578
481420136	1298201578
481466233	1298072896
481466233	1298072896

13311489616

485449337	1295436907
485449337	1295436907
485449728	1295476315
485449728	1295476315
485447861	1295539915
485447861	1295539915
485440672	1295588787
485440672	1295588787
485356687	1295592131
485356687	1295592131

13311489624

485125571	1295556146
485125571	1295556146
485125877	1295615296
485125877	1295615296
485125273	1295686230
485125273	1295686230
485165187	1295684044
485165187	1295684044
485232687	1295681672
485232687	1295681672

13311489639

485208458	1296372588
485208458	1296372588
485182766	1296311349
485182766	1296311349
485180824	1296288822
485180824	1296288822
485178818	1296260061
485178818	1296260061
485178818	1296260061
485178818	1296260061
485176914	1296247734
485176914	1296247734

13311489650

485175418	1296094548
485175418	1296094548
485227307	1296090103
485227307	1296090103
485280758	1296087327
485280758	1296087327
485328799	1296098357
485328799	1296098357
485344346	1296096565
485344346	1296096565

13311489663

485856016	1295458883
485856016	1295458883
485856016	1295458883
485856016	1295458883
485856016	1295458883
485856016	1295458883
485855082	1295464847
485855082	1295464847
485855082	1295464847
485855082	1295464847

13311489664

485963293	1295259790
485963293	1295259790
485963293	1295259790
485963293	1295259790
485963293	1295259790
485963293	1295259790
485963293	1295259790
485963293	1295259790
485963293	1295259790
485963293	1295259790
485963293	1295259790
485963293	1295259790

13311489688

485406520	1297006466
485406520	1297006466
485363993	1297009495
485363993	1297009495
485363993	1297009495
485363993	1297009495
485357031	1296884744
485357031	1296884744
485355501	1296826299
485355501	1296826299

13311492147

485814903	1295328157
485814903	1295328157
485884632	1295580545
485884632	1295580545
485963626	1295368812
485963626	1295368812
485982751	1295318984
485982751	1295318984
485862884	1295414470
485862884	1295414470

13311492166

486353217	1296686748
486353217	1296686748
486317034	1296689056
486317034	1296689056
486346558	1296688646
486346558	1296688646
486395633	1296687965
486395633	1296687965
486407967	1296682412
486407967	1296682412

13311492174

486830902	1296266800
486830902	1296266800
486854909	1296198842
486854909	1296198842
486885605	1296158071
486885605	1296158071
486885605	1296158071
486885605	1296158071
486952919	1296154252
486952919	1296154252
486963082	1296152822
486963082	1296152822

13311492189

486238514	1295586438
486238514	1295586438
486238393	1295556099
486238393	1295556099
486238393	1295556099
486238393	1295556099
486183755	1295475433
486183755	1295475433
486139169	1295471433
486139169	1295471433
486017520	1295463850
486017520	1295463850

13311492202

486221673	1294648356
486221673	1294648356
486220507	1294648415
486220507	1294648415
486222790	1294678539
486222790	1294678539
486223748	1294704170
486223748	1294704170
486227654	1294771772
486227654	1294771772

13311492225

483723961	1296025576
483723961	1296025576
483728134	1296026924
483728134	1296026924
483891154	1296015297
483891154	1296015297
483941090	1295985376
483941090	1295985376
484253730	1295931166
484253730	1295931166

13311492245

484406660	1295393330
484406660	1295393330
484405229	1295471325
484405229	1295471325
484405229	1295471325
484405229	1295471325
484386266	1295543239
484386266	1295543239
484326168	1295538423
484326168	1295538423

13311495123

485837506	1296374394
485837506	1296374394
485868534	1296451348
485868534	1296451348
485850668	1296452973
485850668	1296452973
485792044	1296455887
485792044	1296455887
485767950	1296458883
485767950	1296458883
485759401	1296437446
485759401	1296437446

13311495126

485868785	1295456791
485868785	1295456791
485866973	1295445214
485866973	1295445214
485866973	1295445214
485866973	1295445214
485843592	1295452162
485843592	1295452162
485763527	1295458931
485763527	1295458931

13311495145

486405440	1295716039
486405440	1295716039
486405440	1295716039
486405440	1295716039
486405440	1295716039
486405440	1295716039
486402028	1295534959
486402028	1295534959
486395417	1295441356
486395417	1295441356
486395219	1295398780
486395219	1295398780

13311495220

485466032	1295126857
485466032	1295126857
485463402	1295070912
485463402	1295070912
485460626	1294993148
485460626	1294993148
485458366	1294960125
485458366	1294960125
485460218	1294926898
485460218	1294926898

13311495249

484863966	1294052894
484863966	1294052894
484837018	1294052947
484837018	1294052947
484837018	1294052947
484837018	1294052947
484720451	1294056768
484720451	1294056768
484720451	1294056768
484720451	1294056768

13311495290

486383720	1295140453
486383720	1295140453
486380573	1295016124
486380573	1295016124
486376518	1294944523
486376518	1294944523
486374163	1294903607
486374163	1294903607
486369293	1294779875
486369293	1294779875

13311495324

485335996	1295593208
485335996	1295593208
485270881	1295597342
485270881	1295597342
485229410	1295596055
485229410	1295596055
485147264	1295597576
485147264	1295597576
485111386	1295641367
485111386	1295641367
485044692	1295629754
485044692	1295629754

13311495332

485511601	1296372957
485511601	1296372957
485485667	1296373419
485485667	1296373419
485485667	1296373419
485485667	1296373419
485462286	1296373107
485462286	1296373107
485462139	1296331326
485462139	1296331326

13311495333

485798032	1294690102
485798032	1294690102
485950127	1294681889
485950127	1294681889
486063592	1294665141
486063592	1294665141
486144580	1294653361
486144580	1294653361
486219499	1294619736
486219499	1294619736
486220806	1294624909
486220806	1294624909

13311495334

485324493	1295244408
485324493	1295244408
485369100	1295248324
485369100	1295248324
485370820	1295258644
485370820	1295258644
485389018	1295276005
485389018	1295276005
485389018	1295276005
485389018	1295276005

13311495374

485079711	1295166149
485079711	1295166149
485065606	1295166531
485065606	1295166531
485010452	1295168317
485010452	1295168317
484973245	1295169176
484973245	1295169176
484973245	1295169176
484973245	1295169176
484944534	1295182611
484944534	1295182611

13311495381

484694781	1294716001
484694781	1294716001
484758960	1294710540
484758960	1294710540
484796638	1294707337
484796638	1294707337
484840590	1294703754
484840590	1294703754
484861666	1294702137
484861666	1294702137
484879287	1294701723
484879287	1294701723

13321164434

485594230	1295015837
485594230	1295015837
485594040	1294989730
485594040	1294989730
485648583	1294946614
485648583	1294946614
485628997	1294878203
485628997	1294878203
485628612	1294865481
485628612	1294865481
485628612	1294865481
485628612	1294865481

13321164442

486139435	1294860994
486139435	1294860994
486100097	1294826181
486100097	1294826181
486092831	1294816473
486092831	1294816473
486032230	1294827317
486032230	1294827317
485949657	1294797104
485949657	1294797104

13321164444

485712844	1295199815
485712844	1295199815
485712844	1295199815
485712844	1295199815
485686241	1295192364
485686241	1295192364
485669346	1295193462
485669346	1295193462
485642549	1295196277
485642549	1295196277
485632874	1295194747
485632874	1295194747

13321164468

485592831	1295015892
485592831	1295015892
485592597	1295067104
485592597	1295067104
485592275	1295114476
485592275	1295114476
485593538	1295142850
485593538	1295142850
485592030	1295158437
485592030	1295158437
485590044	1295172129
485590044	1295172129

13321164503

485226962	1295103050
485226962	1295103050
485226962	1295103050
485226962	1295103050
485225666	1295217837
485225666	1295217837
485225853	1295254922
485225853	1295254922
485225853	1295254922
485225853	1295254922
485226112	1295281996
485226112	1295281996

13321164506

486860077	1297292487
486860077	1297292487
486885205	1297216146
486885205	1297216146
486885205	1297216146
486885205	1297216146
486812591	1297060787
486812591	1297060787
486742937	1296970305
486742937	1296970305

13321164508

486176349	1295964232
486176349	1295964232
486217179	1295963062
486217179	1295963062
486217179	1295963062
486217179	1295963062
486277247	1295960411
486277247	1295960411
486333045	1295959074
486333045	1295959074
486333045	1295959074
486333045	1295959074

13321164530

486356967	1296619227
486356967	1296619227
486379451	1296580516
486379451	1296580516
486377998	1296579311
486377998	1296579311
486377998	1296579311
486377998	1296579311
486371090	1296523460
486371090	1296523460

13321164542

485302266	1297298703
485302266	1297298703
485324451	1297294860
485324451	1297294860
485365875	1297293040
485365875	1297293040
485365875	1297293040
485365875	1297293040
485413267	1297290459
485413267	1297290459
485475849	1297287688
485475849	1297287688

13321164557

485862081	1294688468
485862081	1294688468
485904361	1294680568
485904361	1294680568
485821289	1294687070
485821289	1294687070
485744594	1294688704
485744594	1294688704
485629843	1294690667
485629843	1294690667
485478976	1294690763
485478976	1294690763

13321164562

486210972	1296649041
486210972	1296649041
486207534	1296606304
486207534	1296606304
486134386	1296544866
486134386	1296544866
486111665	1296524147
486111665	1296524147
486032938	1296458102
486032938	1296458102

13321164570

485768547	1294686145
485768547	1294686145
485760941	1294647525
485760941	1294647525
485843548	1294521120
485843548	1294521120
485816424	1294483676
485816424	1294483676
485805619	1294446684
485805619	1294446684

13321164612

486204399	1295354956
486204399	1295354956
486104142	1295358598
486104142	1295358598
486107091	1295415822
486107091	1295415822
486074081	1295465818
486074081	1295465818
486063469	1295466336
486063469	1295466336
485963828	1295442848
485963828	1295442848

13321174594

484966573	1295519381
484966573	1295519381
484968363	1295556343
484968363	1295556343
484946359	1295577053
484946359	1295577053
484936903	1295577283
484936903	1295577283
484900464	1295578033
484900464	1295578033

13321174597

485363290	1294693339
485363290	1294693339
485419718	1294692440
485419718	1294692440
485504086	1294692066
485504086	1294692066
485504086	1294692066
485504086	1294692066
485657952	1294692315
485657952	1294692315

13321174627

486138257	1295710709
486138257	1295710709
486119659	1295679626
486119659	1295679626
486117369	1295614809
486117369	1295614809
486115092	1295562836
486115092	1295562836
486114769	1295539042
486114769	1295539042
486113117	1295485424
486113117	1295485424

13321174628

484116081	1294510024
484116081	1294510024
484115092	1294733790
484115092	1294733790
484115254	1294869069
484115254	1294869069
484115902	1294974486
484115902	1294974486
484118384	1295104418
484118384	1295104418

13321174631

486542576	1295563908
486542576	1295563908
486543976	1295609091
486543976	1295609091
486544266	1295618194
486544266	1295618194
486545630	1295658656
486545630	1295658656
486554513	1295749188
486554513	1295749188

13321174632

486088427	1294793724
486088427	1294793724
486014970	1294669820
486014970	1294669820
485935697	1294680154
485935697	1294680154
485904361	1294680568
485904361	1294680568
485795619	1294685709
485795619	1294685709

13321174657

485474923	1294657608
485474923	1294657608
485472663	1294615601
485472663	1294615601
485475248	1294534693
485475248	1294534693
485456281	1294533851
485456281	1294533851
485469278	1294556970
485469278	1294556970

13321174663

485869779	1296051865
485869779	1296051865
485844053	1295993074
485844053	1295993074
485844053	1295993074
485844053	1295993074
485841910	1295942900
485841910	1295942900
485840255	1295897901
485840255	1295897901
485877648	1295901130
485877648	1295901130

13321174713

485194223	1295403100
485194223	1295403100
485199920	1295402954
485199920	1295402954
485199920	1295402954
485199920	1295402954
485199920	1295402954
485199920	1295402954
485227347	1295402238
485227347	1295402238

13321174728

486613774	1295829252
486613774	1295829252
486612386	1295778130
486612386	1295778130
486557054	1295831308
486557054	1295831308
486557054	1295831308
486557054	1295831308
486556220	1295776704
486556220	1295776704

13321174730

485669605	1295784970
485669605	1295784970
485669605	1295784970
485669605	1295784970
485659940	1295785249
485659940	1295785249
485648475	1295785632
485648475	1295785632
485638784	1295785921
485638784	1295785921

13321174958

485245803	1296557552
485245803	1296557552
485246076	1296512054
485246076	1296512054
485246076	1296512054
485246076	1296512054
485246023	1296464424
485246023	1296464424
485247586	1296417521
485247586	1296417521
485237839	1296378464
485237839	1296378464

13321174963

486133301	1296034847
486133301	1296034847
486132804	1296018411
486132804	1296018411
486176349	1295964232
486176349	1295964232
486217179	1295963062
486217179	1295963062
486217179	1295963062
486217179	1295963062
486277247	1295960411
486277247	1295960411

13321180048

484629265	1294406886
484629265	1294406886
484622820	1294371645
484622820	1294371645
484623554	1294285988
484623554	1294285988
484623740	1294217819
484623740	1294217819
484618127	1294283864
484618127	1294283864
484618928	1294303617
484618928	1294303617

13321180423

486334425	1296033955
486334425	1296033955
486414486	1296066775
486414486	1296066775
486413187	1296097672
486413187	1296097672
486413187	1296097672
486413187	1296097672
486413187	1296097672
486413187	1296097672
486362181	1296138037
486362181	1296138037

13321180431

485342983	1294695318
485342983	1294695318
485455191	1294693818
485455191	1294693818
485475340	1294709225
485475340	1294709225
485490182	1294693817
485490182	1294693817
485530889	1294694107
485530889	1294694107

13321180438

484634953	1294389035
484634953	1294389035
484630072	1294494965
484630072	1294494965
484644679	1294660740
484644679	1294660740
484653370	1294764070
484653370	1294764070
484658121	1294851006
484658121	1294851006
484658121	1294851006
484658121	1294851006

13321180439

485136104	1296109521
485136104	1296109521
485159499	1296095995
485159499	1296095995
485175418	1296094548
485175418	1296094548
485218866	1296088131
485218866	1296088131
485277455	1296086210
485277455	1296086210
485353620	1296078957
485353620	1296078957

13321180469

485184323	1296381793
485184323	1296381793
485189818	1296378294
485189818	1296378294
485217026	1296383749
485217026	1296383749
485252554	1296375804
485252554	1296375804
485208458	1296372588
485208458	1296372588

13321180475

486107567	1295473718
486107567	1295473718
486113117	1295485424
486113117	1295485424
486110359	1295396204
486110359	1295396204
486107631	1295319559
486107631	1295319559
486108337	1295208652
486108337	1295208652

13321180476

485831550	1295548548
485831550	1295548548
485831818	1295598223
485831818	1295598223
485831991	1295629669
485831991	1295629669
485832456	1295669389
485832456	1295669389
485832749	1295697930
485832749	1295697930
485833002	1295725028
485833002	1295725028

13321183422

485233108	1294813283
485233108	1294813283
485233726	1294657712
485233726	1294657712
485233669	1294586902
485233669	1294586902
485233219	1294522959
485233219	1294522959
485237329	1294473460
485237329	1294473460

13321183455

485868761	1295693797
485868761	1295693797
485825419	1295780774
485825419	1295780774
485832280	1295809890
485832280	1295809890
485834756	1295831254
485834756	1295831254
485838978	1295914987
485838978	1295914987
485843066	1296007538
485843066	1296007538

13321183485

485271264	1295204075
485271264	1295204075
485227823	1295195273
485227823	1295195273
485231571	1295069270
485231571	1295069270
485235404	1294958791
485235404	1294958791
485232082	1294899470
485232082	1294899470
485232082	1294899470
485232082	1294899470

13321191491

486379175	1295075762
486379175	1295075762
486381923	1295201600
486381923	1295201600
486388006	1295312019
486388006	1295312019
486384881	1295443945
486384881	1295443945
486402235	1295461544
486402235	1295461544
486419086	1295447622
486419086	1295447622

13321199340

486513859	1294940764
486513859	1294940764
486471544	1294936533
486471544	1294936533
486470171	1294898948
486470171	1294898948
486466657	1294838561
486466657	1294838561
486460733	1294755256
486460733	1294755256
486463260	1294755093
486463260	1294755093

13321199342

485532211	1294957100
485532211	1294957100
485628997	1294878203
485628997	1294878203
485648583	1294946614
485648583	1294946614
485628997	1294878203
485628997	1294878203
485683510	1294861919
485683510	1294861919
485628612	1294865481
485628612	1294865481

13321199347

485963985	1296075947
485963985	1296075947
485987289	1296043300
485987289	1296043300
485987289	1296043300
485987289	1296043300
485966947	1296046232
485966947	1296046232
485909890	1296048336
485909890	1296048336

13321199349

484795994	1295099810
484795994	1295099810
484721883	1295119277
484721883	1295119277
484665233	1295147404
484665233	1295147404
484663165	1295246314
484663165	1295246314
484638286	1295292780
484638286	1295292780
484569451	1295293786
484569451	1295293786

13321199467

486022811	1295752027
486022811	1295752027
486040220	1295676539
486040220	1295676539
486039634	1295659515
486039634	1295659515
486039426	1295635200
486039426	1295635200
486039426	1295635200
486039426	1295635200

13321199847

486138325	1294202147
486138325	1294202147
486139077	1294285121
486139077	1294285121
486143393	1294192960
486143393	1294192960
486151897	1294185516
486151897	1294185516
486190008	1294160831
486190008	1294160831

13331038684

485075153	1294799954
485075153	1294799954
485069081	1294801184
485069081	1294801184
485069467	1294809741
485069467	1294809741
485069406	1294818114
485069406	1294818114
485072772	1294828272
485072772	1294828272

13331063436

485244016	1296262716
485244016	1296262716
485242945	1296424806
485242945	1296424806
485242088	1296505474
485242088	1296505474
485241825	1296530113
485241825	1296530113
485241825	1296530113
485241825	1296530113

13331063453

486174528	1296047459
486174528	1296047459
486134303	1296026248
486134303	1296026248
486134111	1296012489
486134111	1296012489
486132583	1296000355
486132583	1296000355
486132583	1296000355
486132583	1296000355

13331063460

486207534	1296606304
486207534	1296606304
486217523	1296641367
486217523	1296641367
486288450	1296686647
486288450	1296686647
486395633	1296687965
486395633	1296687965
486401396	1296686966
486401396	1296686966

13331063476

486185594	1294859110
486185594	1294859110
486106277	1294956752
486106277	1294956752
486104257	1294902421
486104257	1294902421
486102648	1294854165
486102648	1294854165
486099082	1294883800
486099082	1294883800

13331063496

485591022	1295201442
485591022	1295201442
485593163	1295297424
485593163	1295297424
485593163	1295297424
485593163	1295297424
485593163	1295297424
485593163	1295297424
485614517	1295297256
485614517	1295297256

13331093423

486052595	1296359981
486052595	1296359981
486052595	1296359981
486052595	1296359981
485985848	1296293701
485985848	1296293701
485973854	1296273979
485973854	1296273979
485985848	1296293701
485985848	1296293701
485941036	1296316087
485941036	1296316087

13331093448

485081117	1294211653
485081117	1294211653
485080544	1293993998
485080544	1293993998
485080448	1293844659
485080448	1293844659
485080448	1293718729
485080448	1293718729
485049025	1293595529
485049025	1293595529
484949008	1293583529
484949008	1293583529

13331093451

486902977	1296742427
486902977	1296742427
486893007	1296643294
486893007	1296643294
486887975	1296594341
486887975	1296594341
486934632	1296525484
486934632	1296525484
486923884	1296482726
486923884	1296482726
486875870	1296479576
486875870	1296479576

13331154716

487631443	1297774748
487631443	1297774748
487670356	1297768205
487670356	1297768205
487670775	1297771043
487670775	1297771043
487631443	1297774748
487631443	1297774748
487631443	1297774748
487631443	1297774748

13331154830

485719871	1296185909
485719871	1296185909
485651386	1296176610
485651386	1296176610
485651386	1296176610
485651386	1296176610
485651386	1296176610
485651386	1296176610
485651386	1296176610
485651386	1296176610

13331154850

484459696	1295710666
484459696	1295710666
484497143	1295713109
484497143	1295713109
484497429	1295828432
484497429	1295828432
484498099	1295897321
484498099	1295897321
484498336	1295915936
484498336	1295915936

13331154905

486107615	1295434008
486107615	1295434008
486063469	1295466336
486063469	1295466336
485964963	1295458098
485964963	1295458098
485944713	1295458560
485944713	1295458560
485944713	1295458560
485944713	1295458560

13331154931

486039426	1295635200
486039426	1295635200
486060651	1295629169
486060651	1295629169
486036068	1295557133
486036068	1295557133
486034428	1295509727
486034428	1295509727
486033721	1295467220
486033721	1295467220

13331156412

486099294	1296135384
486099294	1296135384
486074516	1296164278
486074516	1296164278
486056170	1296185584
486056170	1296185584
486020486	1296224910
486020486	1296224910
485990997	1296259692
485990997	1296259692
485967731	1296285765
485967731	1296285765

13331156432

486123646	1296433081
486123646	1296433081
486001320	1296328335
486001320	1296328335
485858120	1296209234
485858120	1296209234
485840702	1296080361
485840702	1296080361
485842861	1295965346
485842861	1295965346
485838512	1295904058
485838512	1295904058

13331156437

485651386	1296176610
485651386	1296176610
485612445	1296208797
485612445	1296208797
485651386	1296176610
485651386	1296176610
485651386	1296176610
485651386	1296176610
485719871	1296185909
485719871	1296185909
485752207	1296185805
485752207	1296185805

13331156442

484940861	1295979862
484940861	1295979862
484940948	1295972904
484940948	1295972904
484940305	1295996918
484940305	1295996918
484929250	1296025476
484929250	1296025476
484929250	1296025476
484929250	1296025476
484891298	1296039432
484891298	1296039432

13331156462

485243659	1296740434
485243659	1296740434
485235176	1296669576
485235176	1296669576
485198117	1296535809
485198117	1296535809
485188724	1296397826
485188724	1296397826
485180824	1296288822
485180824	1296288822

13331156465

485242350	1296884355
485242350	1296884355
485242350	1296884355
485242350	1296884355
485240037	1296919413
485240037	1296919413
485240037	1296919413
485240037	1296919413
485240037	1296919413
485240037	1296919413

13331156469

486894043	1296131836
486894043	1296131836
486897757	1296060915
486897757	1296060915
486899763	1295967601
486899763	1295967601
486898573	1295912371
486898573	1295912371
486912496	1295841399
486912496	1295841399

13331156470

486133270	1294510229
486133270	1294510229
486133270	1294510229
486133270	1294510229
486133270	1294510229
486133270	1294510229
486133270	1294510229
486133270	1294510229
486133270	1294510229
486133270	1294510229

13331184786

485025056	1296452468
485025056	1296452468
485024625	1296499007
485024625	1296499007
485025867	1296553373
485025867	1296553373
485022904	1296637453
485022904	1296637453
485022619	1296694017
485022619	1296694017

13331184973

486542385	1294746133
486542385	1294746133
486490210	1294750754
486490210	1294750754
486459216	1294752427
486459216	1294752427
486424251	1294754712
486424251	1294754712
486424251	1294754712
486424251	1294754712

13331184975

486081547	1296558350
486081547	1296558350
486081547	1296558350
486081547	1296558350
486148143	1296491694
486148143	1296491694
486224183	1296506503
486224183	1296506503
486253574	1296470706
486253574	1296470706

13331184978

485418191	1296249720
485418191	1296249720
485454444	1296249620
485454444	1296249620
485454444	1296249620
485454444	1296249620
485454444	1296249620
485454444	1296249620
485454444	1296249620
485454444	1296249620

13331184986

485111322	1295251445
485111322	1295251445
485115602	1295310494
485115602	1295310494
485119654	1295401017
485119654	1295401017
485116590	1295373005
485116590	1295373005
485117182	1295387796
485117182	1295387796

13331184988

485079779	1294672000
485079779	1294672000
485076935	1294798271
485076935	1294798271
485069081	1294801184
485069081	1294801184
485069467	1294809741
485069467	1294809741
485070683	1294826650
485070683	1294826650

13331184989

486807852	1296321022
486807852	1296321022
486837829	1296242794
486837829	1296242794
486878064	1296139540
486878064	1296139540
486895901	1296045642
486895901	1296045642
486898573	1295912371
486898573	1295912371
486900512	1295778301
486900512	1295778301

13331186634

486880605	1296263087
486880605	1296263087
486882141	1296233443
486882141	1296233443
486886296	1296172022
486886296	1296172022
486952919	1296154252
486952919	1296154252
486952919	1296154252
486952919	1296154252
486952919	1296154252
486952919	1296154252

13331187020

484594308	1295115867
484594308	1295115867
484594308	1295115867
484594308	1295115867
484594308	1295115867
484594308	1295115867
484594308	1295115867
484594308	1295115867
484594308	1295115867
484594308	1295115867

13331187068

484822427	1294497315
484822427	1294497315
484893268	1294682111
484893268	1294682111
484887408	1294699693
484887408	1294699693
484920014	1294695012
484920014	1294695012
484935320	1294694425
484935320	1294694425

13331187139

484810004	1295403756
484810004	1295403756
484852840	1295406547
484852840	1295406547
484852840	1295406547
484852840	1295406547
484852840	1295406547
484852840	1295406547
484852840	1295406547
484852840	1295406547

13331188294

486080199	1297332040
486080199	1297332040
486005661	1297331980
486005661	1297331980
485726677	1297331562
485726677	1297331562
485726677	1297331562
485726677	1297331562
485726677	1297331562
485726677	1297331562

13331188543

485837820	1295202039
485837820	1295202039
485826261	1295202369
485826261	1295202369
485773035	1295202247
485773035	1295202247
485727406	1295193079
485727406	1295193079
485707295	1295188915
485707295	1295188915

13331188643

485716279	1295876820
485716279	1295876820
485716279	1295876820
485716279	1295876820
485714686	1295828131
485714686	1295828131
485740367	1295827463
485740367	1295827463
485740089	1295815485
485740089	1295815485
485730541	1295827629
485730541	1295827629

13331188734

485242378	1295891313
485242378	1295891313
485242378	1295891313
485242378	1295891313
485242378	1295891313
485242378	1295891313
485261592	1295890743
485261592	1295890743
485279137	1295889420
485279137	1295889420
485288424	1295889225
485288424	1295889225

13331190104

485833985	1295669249
485833985	1295669249
485833309	1295598182
485833309	1295598182
485832650	1295519412
485832650	1295519412
485832650	1295519412
485832650	1295519412
